train_accuracies = [0.9870769230769231, 0.9856923076923076, 0.9875384615384616, 0.9944615384615385, 0.9901538461538462, 0.9961538461538462, 0.9993846153846154, 0.9801538461538462, 0.9970769230769231, 0.9889230769230769]
test_accuracies = [0.9876923076923076, 0.9821538461538462, 0.9895384615384616, 0.9938461538461538, 0.9913846153846154, 0.9969230769230769, 1.0, 0.9809230769230769, 0.9950769230769231, 0.9870769230769231]
recalls = [0.9872604304655883, 0.9817371853199879, 0.9894409937888199, 0.9938753003269132, 0.991285908302715, 0.9968945512801064, 1.0, 0.9807776821380727, 0.9948167021600243, 0.9866751269035533]
precisions = [0.988141402212225, 0.9827665601813999, 0.9898446833930705, 0.9938438793254928, 0.9914959951717632, 0.9969428007889547, 1.0, 0.9811305732484077, 0.9953185003365137, 0.9877622377622377]
f_1s = [0.9876464560153017, 0.9821167607600179, 0.9895344031162285, 0.9938460396519547, 0.991377402198895, 0.996918296745456, 1.0, 0.980909080228856, 0.9950538446085384, 0.9870528981589506]

n_nodes_1 = [48, 69, 63, 67, 73, 80, 84, 43, 87, 48]
n_nodes_2 = [5, 5, 5, 4, 4, 4, 5, 4, 5, 5]